6.575000000000000000e+03
6.638000000000000000e+03
6.691000000000000000e+03
6.767000000000000000e+03
6.834000000000000000e+03
6.889000000000000000e+03
6.948000000000000000e+03
6.990000000000000000e+03
7.052000000000000000e+03
7.106000000000000000e+03
7.169000000000000000e+03
7.224000000000000000e+03
7.296000000000000000e+03
7.370000000000000000e+03
7.453000000000000000e+03
7.551000000000000000e+03
7.648000000000000000e+03
7.751000000000000000e+03
7.866000000000000000e+03
7.992000000000000000e+03
8.123000000000000000e+03
8.261000000000000000e+03
8.432000000000000000e+03
8.637000000000000000e+03
8.874000000000000000e+03
9.160000000000000000e+03
9.454000000000000000e+03
9.757000000000000000e+03
1.005300000000000000e+04
1.032700000000000000e+04
1.056400000000000000e+04
1.078200000000000000e+04
1.105000000000000000e+04
1.133400000000000000e+04
1.170900000000000000e+04
1.220300000000000000e+04
1.281400000000000000e+04
1.357100000000000000e+04
1.448100000000000000e+04
1.547700000000000000e+04
1.667000000000000000e+04
1.790200000000000000e+04
1.908100000000000000e+04
2.028700000000000000e+04
2.121500000000000000e+04
2.192600000000000000e+04
2.236800000000000000e+04
2.255800000000000000e+04
2.260700000000000000e+04
2.252000000000000000e+04
2.218900000000000000e+04
2.188600000000000000e+04
2.139900000000000000e+04
2.088300000000000000e+04
2.032500000000000000e+04
1.969000000000000000e+04
1.905600000000000000e+04
1.846300000000000000e+04
1.777000000000000000e+04
1.710300000000000000e+04
1.649900000000000000e+04
1.589200000000000000e+04
1.528900000000000000e+04
1.465600000000000000e+04
1.403500000000000000e+04
1.343100000000000000e+04
1.286700000000000000e+04
1.229600000000000000e+04
1.178500000000000000e+04
1.131400000000000000e+04
1.092400000000000000e+04
1.061900000000000000e+04
1.036800000000000000e+04
1.017400000000000000e+04
1.004300000000000000e+04
9.936000000000000000e+03
9.874000000000000000e+03
9.849000000000000000e+03
9.786000000000000000e+03
9.763000000000000000e+03
9.735000000000000000e+03
9.711000000000000000e+03
9.693000000000000000e+03
9.661000000000000000e+03
9.652000000000000000e+03
9.630000000000000000e+03
9.614000000000000000e+03
9.614000000000000000e+03
9.641000000000000000e+03
9.659000000000000000e+03
9.689000000000000000e+03
9.758000000000000000e+03
9.811000000000000000e+03
9.886000000000000000e+03
9.961000000000000000e+03
1.005300000000000000e+04
1.014700000000000000e+04
1.023100000000000000e+04
1.032200000000000000e+04
1.037900000000000000e+04
1.042000000000000000e+04
1.047000000000000000e+04
1.050300000000000000e+04
1.055700000000000000e+04
1.057500000000000000e+04
1.055400000000000000e+04
1.049900000000000000e+04
1.041800000000000000e+04
1.030100000000000000e+04
1.018800000000000000e+04
1.009000000000000000e+04
1.002400000000000000e+04
9.962000000000000000e+03
9.950000000000000000e+03
9.949000000000000000e+03
9.976000000000000000e+03
1.005100000000000000e+04
1.011100000000000000e+04
1.023600000000000000e+04
1.033800000000000000e+04
1.042300000000000000e+04
1.050700000000000000e+04
1.054600000000000000e+04
1.057500000000000000e+04
1.059100000000000000e+04
1.057700000000000000e+04
1.052000000000000000e+04
1.043400000000000000e+04
1.036400000000000000e+04
1.028500000000000000e+04
1.018600000000000000e+04
1.020500000000000000e+04
1.016900000000000000e+04
1.006200000000000000e+04
1.003900000000000000e+04
1.006600000000000000e+04
1.009300000000000000e+04
1.015000000000000000e+04
1.021700000000000000e+04
1.029200000000000000e+04
1.040300000000000000e+04
1.048600000000000000e+04
1.057100000000000000e+04
1.064900000000000000e+04
1.073800000000000000e+04
1.083400000000000000e+04
1.094900000000000000e+04
1.103900000000000000e+04
1.112900000000000000e+04
1.121100000000000000e+04
1.127400000000000000e+04
1.131400000000000000e+04
1.135400000000000000e+04
1.136200000000000000e+04
1.139700000000000000e+04
1.140200000000000000e+04
1.139000000000000000e+04
1.139200000000000000e+04
1.138500000000000000e+04
1.136000000000000000e+04
1.132500000000000000e+04
1.123100000000000000e+04
1.111600000000000000e+04
1.101700000000000000e+04
1.090000000000000000e+04
1.081700000000000000e+04
1.070200000000000000e+04
1.059800000000000000e+04
1.049500000000000000e+04
1.037200000000000000e+04
1.024600000000000000e+04
1.013900000000000000e+04
1.002500000000000000e+04
9.900000000000000000e+03
9.790000000000000000e+03
9.675000000000000000e+03
9.571000000000000000e+03
9.475000000000000000e+03
9.373000000000000000e+03
9.263000000000000000e+03
9.153000000000000000e+03
9.039000000000000000e+03
8.950000000000000000e+03
8.830000000000000000e+03
8.736000000000000000e+03
8.626000000000000000e+03
8.517000000000000000e+03
8.424000000000000000e+03
8.326000000000000000e+03
8.232000000000000000e+03
8.140000000000000000e+03
8.050000000000000000e+03
7.963000000000000000e+03
7.886000000000000000e+03
7.798000000000000000e+03
7.718000000000000000e+03
7.648000000000000000e+03
7.567000000000000000e+03
7.501000000000000000e+03
7.430000000000000000e+03
7.357000000000000000e+03
7.293000000000000000e+03
7.234000000000000000e+03
7.036000000000000000e+03
