6.546000000000000000e+03
6.595000000000000000e+03
6.651000000000000000e+03
6.697000000000000000e+03
6.755000000000000000e+03
6.797000000000000000e+03
6.843000000000000000e+03
6.889000000000000000e+03
6.943000000000000000e+03
7.010000000000000000e+03
7.071000000000000000e+03
7.141000000000000000e+03
7.234000000000000000e+03
7.317000000000000000e+03
7.417000000000000000e+03
7.537000000000000000e+03
7.677000000000000000e+03
7.817000000000000000e+03
7.981000000000000000e+03
8.140000000000000000e+03
8.334000000000000000e+03
8.578000000000000000e+03
8.821000000000000000e+03
9.105000000000000000e+03
9.454000000000000000e+03
9.846000000000000000e+03
1.030000000000000000e+04
1.083800000000000000e+04
1.141900000000000000e+04
1.208600000000000000e+04
1.284600000000000000e+04
1.364100000000000000e+04
1.458300000000000000e+04
1.554300000000000000e+04
1.655300000000000000e+04
1.760300000000000000e+04
1.874600000000000000e+04
1.989700000000000000e+04
2.099500000000000000e+04
2.200200000000000000e+04
2.297600000000000000e+04
2.382300000000000000e+04
2.451900000000000000e+04
2.512600000000000000e+04
2.554400000000000000e+04
2.569000000000000000e+04
2.570600000000000000e+04
2.557000000000000000e+04
2.535300000000000000e+04
2.503500000000000000e+04
2.452800000000000000e+04
2.397100000000000000e+04
2.327600000000000000e+04
2.245400000000000000e+04
2.162000000000000000e+04
2.067500000000000000e+04
1.981200000000000000e+04
1.904000000000000000e+04
1.819600000000000000e+04
1.747400000000000000e+04
1.684500000000000000e+04
1.623600000000000000e+04
1.572100000000000000e+04
1.522500000000000000e+04
1.477100000000000000e+04
1.431400000000000000e+04
1.387900000000000000e+04
1.342500000000000000e+04
1.299600000000000000e+04
1.255000000000000000e+04
1.214300000000000000e+04
1.184300000000000000e+04
1.162800000000000000e+04
1.144500000000000000e+04
1.140000000000000000e+04
1.134500000000000000e+04
1.134400000000000000e+04
1.133400000000000000e+04
1.133800000000000000e+04
1.136800000000000000e+04
1.138800000000000000e+04
1.143200000000000000e+04
1.148600000000000000e+04
1.150800000000000000e+04
1.153100000000000000e+04
1.149100000000000000e+04
1.140100000000000000e+04
1.123900000000000000e+04
1.099200000000000000e+04
1.063900000000000000e+04
1.025300000000000000e+04
9.903000000000000000e+03
9.571000000000000000e+03
9.346000000000000000e+03
9.199000000000000000e+03
9.101000000000000000e+03
9.087000000000000000e+03
9.122000000000000000e+03
9.260000000000000000e+03
9.506000000000000000e+03
9.865000000000000000e+03
1.037400000000000000e+04
1.100000000000000000e+04
1.172300000000000000e+04
1.253100000000000000e+04
1.335300000000000000e+04
1.413600000000000000e+04
1.493200000000000000e+04
1.560200000000000000e+04
1.622500000000000000e+04
1.682800000000000000e+04
1.733500000000000000e+04
1.785900000000000000e+04
1.827300000000000000e+04
1.861100000000000000e+04
1.894200000000000000e+04
1.919900000000000000e+04
1.940400000000000000e+04
1.962200000000000000e+04
1.979100000000000000e+04
1.995100000000000000e+04
2.006800000000000000e+04
2.011800000000000000e+04
2.014200000000000000e+04
2.022600000000000000e+04
2.019800000000000000e+04
2.019600000000000000e+04
2.016700000000000000e+04
2.004400000000000000e+04
1.997500000000000000e+04
1.983900000000000000e+04
1.975600000000000000e+04
1.958100000000000000e+04
1.922400000000000000e+04
1.904600000000000000e+04
1.890300000000000000e+04
1.870600000000000000e+04
1.847500000000000000e+04
1.831200000000000000e+04
1.810600000000000000e+04
1.791600000000000000e+04
1.769700000000000000e+04
1.747900000000000000e+04
1.729100000000000000e+04
1.707700000000000000e+04
1.689100000000000000e+04
1.674000000000000000e+04
1.658200000000000000e+04
1.641900000000000000e+04
1.627200000000000000e+04
1.603000000000000000e+04
1.586600000000000000e+04
1.568400000000000000e+04
1.549000000000000000e+04
1.532700000000000000e+04
1.513100000000000000e+04
1.497000000000000000e+04
1.484400000000000000e+04
1.466600000000000000e+04
1.450900000000000000e+04
1.434100000000000000e+04
1.411100000000000000e+04
1.385000000000000000e+04
1.361500000000000000e+04
1.338700000000000000e+04
1.319900000000000000e+04
1.299800000000000000e+04
1.279500000000000000e+04
1.260600000000000000e+04
1.240500000000000000e+04
1.219200000000000000e+04
1.200800000000000000e+04
1.180000000000000000e+04
1.163200000000000000e+04
1.144800000000000000e+04
1.126700000000000000e+04
1.110300000000000000e+04
1.092100000000000000e+04
1.074100000000000000e+04
1.059000000000000000e+04
1.040500000000000000e+04
1.023400000000000000e+04
1.009100000000000000e+04
9.918000000000000000e+03
9.767000000000000000e+03
9.606000000000000000e+03
9.450000000000000000e+03
9.295000000000000000e+03
9.145000000000000000e+03
8.999000000000000000e+03
8.880000000000000000e+03
8.743000000000000000e+03
8.603000000000000000e+03
8.495000000000000000e+03
8.363000000000000000e+03
8.256000000000000000e+03
8.149000000000000000e+03
8.042000000000000000e+03
7.946000000000000000e+03
7.840000000000000000e+03
7.731000000000000000e+03
7.649000000000000000e+03
7.563000000000000000e+03
7.260000000000000000e+03
