3.973199999999999932e+02
4.001999999999999886e+02
4.030899999999999750e+02
4.059700000000000273e+02
4.088500000000000227e+02
4.117400000000000091e+02
4.146299999999999955e+02
4.175199999999999818e+02
4.203999999999999773e+02
4.232900000000000205e+02
4.261899999999999977e+02
4.290799999999999841e+02
4.319700000000000273e+02
4.348700000000000045e+02
4.377599999999999909e+02
4.406600000000000250e+02
4.435600000000000023e+02
4.464499999999999886e+02
4.493500000000000227e+02
4.522500000000000000e+02
4.551600000000000250e+02
4.580600000000000023e+02
4.609599999999999795e+02
4.638700000000000045e+02
4.667699999999999818e+02
4.696800000000000068e+02
4.725899999999999750e+02
4.755000000000000000e+02
4.784100000000000250e+02
4.813199999999999932e+02
4.842300000000000182e+02
4.871399999999999864e+02
4.900600000000000023e+02
4.929700000000000273e+02
4.958899999999999864e+02
4.988000000000000114e+02
5.017200000000000273e+02
5.046399999999999864e+02
5.075600000000000023e+02
5.104800000000000182e+02
5.133999999999999773e+02
5.163300000000000409e+02
5.192500000000000000e+02
5.221799999999999500e+02
5.251000000000000227e+02
5.280299999999999727e+02
5.309600000000000364e+02
5.338899999999999864e+02
5.368200000000000500e+02
5.397500000000000000e+02
5.426799999999999500e+02
5.456200000000000045e+02
5.485499999999999545e+02
5.514900000000000091e+02
5.544299999999999500e+02
5.573600000000000136e+02
5.602999999999999545e+02
5.632400000000000091e+02
5.661799999999999500e+02
5.691200000000000045e+02
5.720700000000000500e+02
5.750099999999999909e+02
5.779600000000000364e+02
5.808999999999999773e+02
5.838500000000000227e+02
5.867999999999999545e+02
5.897500000000000000e+02
5.927000000000000455e+02
5.956499999999999773e+02
5.986000000000000227e+02
6.015499999999999545e+02
6.045099999999999909e+02
6.074600000000000364e+02
6.104199999999999591e+02
6.133799999999999955e+02
6.163400000000000318e+02
6.192999999999999545e+02
6.222599999999999909e+02
6.252200000000000273e+02
6.281799999999999500e+02
6.311499999999999773e+02
6.341100000000000136e+02
6.370800000000000409e+02
6.400399999999999636e+02
6.430099999999999909e+02
6.459800000000000182e+02
6.489500000000000455e+02
6.519199999999999591e+02
6.548899999999999864e+02
6.578700000000000045e+02
6.608400000000000318e+02
6.638099999999999454e+02
6.667899999999999636e+02
6.697699999999999818e+02
6.727500000000000000e+02
6.757300000000000182e+02
6.787100000000000364e+02
6.816900000000000546e+02
6.846699999999999591e+02
6.876499999999999773e+02
6.906399999999999864e+02
6.936200000000000045e+02
6.966100000000000136e+02
6.996000000000000227e+02
7.025800000000000409e+02
7.055700000000000500e+02
7.085700000000000500e+02
7.115599999999999454e+02
7.145499999999999545e+02
7.175399999999999636e+02
7.205399999999999636e+02
7.235299999999999727e+02
7.265299999999999727e+02
7.295299999999999727e+02
7.325299999999999727e+02
7.355299999999999727e+02
7.385299999999999727e+02
7.415299999999999727e+02
7.445299999999999727e+02
7.475399999999999636e+02
7.505399999999999636e+02
7.535499999999999545e+02
7.565599999999999454e+02
7.595599999999999454e+02
7.625700000000000500e+02
7.655800000000000409e+02
7.686000000000000227e+02
7.716100000000000136e+02
7.746200000000000045e+02
7.776399999999999864e+02
7.806499999999999773e+02
7.836699999999999591e+02
7.866799999999999500e+02
7.897000000000000455e+02
7.927200000000000273e+02
7.957400000000000091e+02
7.987699999999999818e+02
8.017899999999999636e+02
8.048099999999999454e+02
8.078400000000000318e+02
8.108600000000000136e+02
8.138899999999999864e+02
8.169199999999999591e+02
8.199500000000000455e+02
8.229800000000000182e+02
8.260099999999999909e+02
8.290399999999999636e+02
8.320700000000000500e+02
8.351100000000000136e+02
8.381399999999999864e+02
8.411799999999999500e+02
8.442200000000000273e+02
8.472500000000000000e+02
8.502899999999999636e+02
8.533300000000000409e+02
8.563700000000000045e+02
8.594199999999999591e+02
8.624600000000000364e+02
8.655000000000000000e+02
8.685499999999999545e+02
8.716000000000000227e+02
8.746399999999999864e+02
8.776900000000000546e+02
8.807400000000000091e+02
8.837899999999999636e+02
8.868400000000000318e+02
8.898999999999999773e+02
8.929500000000000455e+02
8.960099999999999909e+02
8.990599999999999454e+02
9.021200000000000045e+02
9.051799999999999500e+02
9.082400000000000091e+02
9.112999999999999545e+02
9.143600000000000136e+02
9.174199999999999591e+02
9.204800000000000182e+02
9.235499999999999545e+02
9.266100000000000136e+02
9.296799999999999500e+02
9.327400000000000091e+02
9.358099999999999454e+02
9.388799999999999955e+02
9.419500000000000455e+02
9.450199999999999818e+02
9.481000000000000227e+02
9.511699999999999591e+02
9.542400000000000091e+02
9.573200000000000500e+02
9.603999999999999773e+02
9.634700000000000273e+02
9.665499999999999545e+02
9.696299999999999955e+02
9.727100000000000364e+02
9.757899999999999636e+02
9.788799999999999955e+02
9.819600000000000364e+02
9.850499999999999545e+02
9.881299999999999955e+02
9.912200000000000273e+02
9.943099999999999454e+02
9.973999999999999773e+02
1.000490000000000009e+03
1.003580000000000041e+03
